      Date & Time,  Trans,  Elap Time,  Data Trans,  Resp Time,  Trans Rate,  Throughput,  Concurrent,    OKAY,   Failed
2015-05-29 11:49:17,   3954,      59.59,          42,       0.25,       66.35,        0.70,       16.75,    3814,       0
2015-05-29 11:50:17,   4012,      59.99,          43,       0.24,       66.88,        0.72,       16.29,    3871,       0
2015-05-29 11:51:17,   4002,      59.99,          43,       0.25,       66.71,        0.72,       16.58,    3885,       0
2015-05-29 11:52:17,   3950,      59.99,          42,       0.24,       65.84,        0.70,       16.01,    3823,       0
2015-05-29 11:53:17,   3864,      59.99,          41,       0.27,       64.41,        0.68,       17.24,    3727,       0
2015-05-29 11:54:17,   2954,      59.99,          31,       0.48,       49.24,        0.52,       23.65,    2875,       0
2015-05-29 11:55:17,   2934,      59.99,          31,       0.51,       48.91,        0.52,       24.94,    2851,       0
2015-05-29 11:56:17,   3262,      59.99,          34,       0.39,       54.38,        0.57,       21.04,    3145,       0
2015-05-29 11:57:17,   3088,      59.99,          33,       0.44,       51.48,        0.55,       22.54,    3003,       0
2015-05-29 11:58:17,   3048,      59.99,          32,       0.47,       50.81,        0.53,       23.66,    2964,       0
